1743
174 303 329 556 640 730 800 869 898 956 1032 1082 1094 1202 1240 1330 1385 1471 1507 1527
42 116 223 314 335 341 448 478 665 703 744 797 850 899 935 994 1135 1219 1240 1317
114 149 164 192 265 425 466 494 578 642 693 806 916 1011 1068 1137 1169 1330 1402 1471
0 154 235 303 336 407 422 510 603 619 714 783 880 1037 1136 1250 1294 1309 1347 1403
0 63 66 86 192 285 316 362 407 493 554 650 776 880 906 1004 1073 1172 1189 1371
0 9 73 321 397 473 509 585 614 640 650 797 902 937 974 983 994 1073 1106 1241
87 174 353 436 449 457 510 644 734 748 825 881 906 1032 1102 1122 1177 1201 1272 1332
113 114 164 198 316 426 481 571 665 745 830 1045 1108 1136 1161 1199 1227 1235 1578 1673
0 76 108 303 416 476 571 688 742 827 939 1064 1131 1172 1206 1332 1418 1510 1551 1582
0 44 76 124 202 229 286 356 520 652 731 815 889 1015 1207 1278 1456 1541 1558 1576
0 1 44 143 160 287 341 362 457 565 636 742 797 898 922 984 994 1086 1106 1204
9 40 61 128 181 251 503 598 642 830 916 1083 1172 1207 1402 1495 1509 1558 1563 1624
0 44 60 131 232 307 376 381 395 472 603 693 839 883 993 1071 1137 1152 1202 1276
0 76 183 273 311 393 468 500 558 748 899 986 1082 1162 1320 1393 1432 1509 1580 1581
0 124 258 356 382 472 494 577 701 802 881 983 993 1108 1169 1297 1371 1403 1505 1595
0 149 235 336 481 578 648 745 802 881 974 1039 1094 1177 1276 1297 1393 1454 1512 1600
63 113 265 285 397 425 434 528 585 695 765 881 975 1004 1083 1176 1418 1517 1620 1710
0 45 145 232 380 488 609 703 765 880 980 988 1039 1226 1299 1405 1409 1517 1610 1665
0 116 145 242 436 520 604 730 774 806 878 935 1015 1071 1105 1182 1243 1329 1393 1541
0 10 246 335 416 449 463 553 652 810 898 975 991 1064 1090 1135 1265 1320 1507 1569
