1800
0 76 102 218 410 543 613 735 774 832 1026 1063 1129 1227 1295 1385 1440 1512 1549 1569
42 116 141 253 317 334 419 449 548 586 686 741 758 807 843 902 984 1031 1125 1173
51 86 124 178 251 385 426 454 607 764 815 898 1039 1058 1128 1215 1248 1385 1596 1665
0 154 235 303 336 448 493 581 683 698 923 1032 1206 1300 1457 1540 1584 1599 1637 1693
86 229 232 247 294 353 384 433 464 570 581 592 686 749 876 1001 1217 1399 1416 1453
31 40 125 128 246 380 410 486 581 582 592 691 772 786 868 877 882 925 1062 1175
72 204 421 538 551 559 663 772 816 830 894 974 999 1068 1173 1191 1246 1312 1390 1480
50 134 184 252 384 496 551 777 871 954 1039 1241 1339 1416 1441 1479 1507 1515 1590 1685
0 102 215 303 380 450 530 551 606 691 992 1065 1132 1173 1273 1304 1390 1482 1523 1554
0 44 76 124 247 268 325 395 504 543 676 760 828 1058 1146 1219 1347 1432 1446 1464
0 1 44 161 178 345 412 433 528 592 663 873 984 1056 1131 1146 1156 1245 1267 1337
0 31 52 128 194 269 597 692 735 788 874 969 1001 1065 1205 1353 1367 1482 1487 1548
0 44 60 131 232 307 341 346 373 469 525 641 749 867 923 1068 1134 1149 1199 1287
0 73 125 215 302 395 412 454 605 692 807 967 1073 1096 1175 1248 1287 1367 1438 1441
159 246 316 395 450 530 534 548 580 641 735 877 887 969 1134 1273 1347 1438 1530 1620
0 149 235 336 419 565 674 819 876 1032 1125 1227 1282 1353 1432 1453 1549 1610 1668 1702
0 52 141 161 288 316 341 395 486 537 698 819 873 999 1026 1144 1533 1632 1707 1797
0 45 145 232 500 641 663 760 788 898 967 971 1022 1194 1270 1355 1359 1450 1533 1588
0 116 145 260 269 379 464 593 716 748 816 874 954 1001 1056 1126 1187 1282 1399 1538
0 10 323 412 493 551 586 720 828 867 955 1080 1132 1207 1213 1258 1344 1399 1548 1685
